100
964032412793
965623120909
953856826528
926319054322
956523182331
916281033162
914997969018
951855970295
958518381883
936781101817
946049458390
996846845109
982054777561
984849504109
974343221401
937792748796
930861637510
941049991448
970861562287
926348582285
985633171391
977517321267
931061767401
917305731258
909275357485
985551042061
989791120918
974094108560
934991076666
953471322814
968058079739
949706589993
945979647854
955259562269
962055854539
930081897660
942831526824
996606768552
948624467742
929857813076
981955624576
944625121289
903283301896
982147068460
901733286711
978178606526
979596437028
911597701073
933197703974
918093474172
984032310609
905239484823
972244500573
939983366512
993030405217
965769848824
969218530564
938053573969
907461462781
917736381436
912459436492
985513088437
989838314983
979595218275
967167436676
958175129540
935450194448
903692430209
935820596991
974824119422
926296772481
931549428552
963109477731
992876678702
930786459670
997404152823
954155769884
935404645853
941676006288
995205719417
963130058966
957299817172
962153820554
969173824511
953662778058
999887974990
942429088194
915704688169
998276350495
936769553270
921380982757
961581673326
976932079554
934996638277
974234615990
990010453432
928471261705
963694688402
971685159126
980756176388
