257214703
36163718
603579638
926448541
484276493
786042160
7045378
235948398
137367555
427027136
37627411
242160896
26201346
158195623
679004090
525545235
531435548
344074196
211762728
675994025
912518310
425346281
172719620
985808270
570210718
223070721
621381853
920795761
473368729
933799928
809385022
88098090
520907626
991046538
322794045
736971325
937299327
568894105
814529464
29827772
836648058
361882514
10303945
142420410
461414308
508322613
532207332
423016089
137720074
951820016
335018614
134471562
302233574
330656622
687238536
697760666
414544303
199974822
829289294
240378511
662857970
56020330
199602021
584414603
736476542
832630061
254009484
54007602
182319395
373793766
282687071
169252839
480270694
685311250
937933211
10052002
823076406
818390964
894253611
218633289
67948889
428152907
879898826
96088312
165832290
621874252
637009888
926791394
664362817
46459017
860576125
742169848
896380539
865775367
318506651
235946384
490781544
472434782
236653257
735069427
302196150
350897069
225238520
714113183
160247757
39882444
378401994
580541275
764926732
283738697
750395985
219749177
84315326
1072314
268610737
771625132
700398802
544381989
191265502
142444132
675507896
658568775
887093390
650243331
472843824
683515550
3809244
276527643
302009215
897607355
226013801
604120995
770520156
763421608
697117270
405339867
486902573
41498558
148402143
641616405
977009455
698875284
900283146
543905785
794906341
790493087
39241758
406154914
21536097
129875004
739931800
153023850
757152545
136722638
301289076
46541932
43267540
88410167
73989749
889420541
589018710
626848287
4340810
835334176
540062856
116405954
147624331
241869289
122268734
727287279
303472361
749888710
594437800
652383494
645547872
143458105
972656148
913875628
721271679
70678958
841408961
293760368
19666980
444435894
595158092
35701502
779878046
116712837
314843693
804117810
723327677
671056270
126044158
86068065
584311295
439508417
768307261
280957105
562165262
706861374
924812391
821219220
257472000
484068150
674802537
47446054
43657254
580164871
863755560
80676758
45476579
829234263
654456200
419392251
423200926
493909910
880218649
270010934
69282580
688051498
254641354
390037779
828446703
284903704
354752971
629799168
593535200
611595296
907116425
926128754
215960149
917203785
143068387
372748389
19030232
314694082
125736015
585013591
463947346
987913390
127956427
59543471
41818219
435963909
795468323
653473283
893163173
947181075
207475123
965261453
945274754
398241268
53676611
464264849
597504808
957184721
711332545
316989085
831832803
844950087
328323668
171173312
800754095
407302471
980990811
591822115
430838179
980873746
995847975
751888100
560758280
660701928
499948526
704281350
502718017
422310116
199918343
537712575
260713406
905658878
429442636
973999748
806607408
583819230
583932554
907811575
906272335
416119701
910039079
17529570
207043081
746602593
604209674
537156343
284769477
854143786
677658333
394704030
690837009
625305619
294922719
848092460
664599332
16045078
38429800
930166653
34922034
132368505
619852749
677792049
506840265
62924147
684588729
480109431
139818930
371445743
703172302
405691906
666746793
900784749
432400258
672858384
506030904
321441212
426429574
837091845
992495714
347414252
658010608
914542999
549402449
96955338
85247780
328556052
529269842
27057797
124531526
707783212
153340369
630206242
637892437
795908315
784656816
544273453
481282536
662365965
649514598
409552530
107052080
76823684
79028343
484432718
62668617
437271309
886570460
714730313
784271660
272371754
777857228
983250715
149647501
800902648
240086471
624774930
780346806
96097492
548311962
127871592
377737674
735723641
646131379
221158455
595410761
86729842
126865745
898486348
112556406
932877481
15295427
968141331
494187946
231758082
855896996
284510944
503209610
826392039
152924142
834929430
294020992
622537185
527287186
600061730
497203016
131915580
679780125
586430360
155023739
279136160
47641608
135797586
207336040
794778933
632466842
960951930
529937710
300769625
468919311
71171011
1988006
141634773
223559269
422327886
588121836
142863998
669936508
498153389
188217206
387969483
409851834
119560629
64498382
241832532
125670447
384533624
280532909
182092827
485539892
141910022
832932110
490017503
42818737
457451720
626379695
400887385
851415696
557988032
712549118
207652369
215082118
645485543
26485595
851597808
410218848
469570166
54433792
200169518
650909051
7416480
632019282
323634806
418159321
853321223
328153402
503043590
294857399
698646074
860892985
665208896
32834705
985301919
966274011
600561446
221200352
226643304
220382337
727691701
22524916
696150645
729138547
597658000
986131280
199487145
47714499
477898827
593554825
772555920
501852084
132612640
534820531
148799313
514400601
718534807
158153479
883380774
40951529
604734388
508370403
822386689
978449587
689003625
734136810
797305761
659889963
546551474
895228698
57420664
890378036
298552256
611409954
102610187
933041160
852323110
421510543
439744907
7645984
752762998
667714053
622311964
124445210
56715450
429326509
35237798
772174190
927209857
573801823
138443227
680259268
798046564
620271054
0
0
0
0
0
0
0
0
0
0
0
0
0
0
0
0
0
0
0
0
0
0
0
0
0
0
0
0
0
0
0
0
0
0
0
0
0
0
0
0
0
0
0
0
0
0
0
0
0
0
0
0
0
0
0
0
0
0
0
0
0
0
0
0
0
0
0
0
0
0
0
0
0
0
0
0
0
0
0
0
0
0
0
0
0
0
0
0
0
0
0
0
0
0
0
0
0
0
0
0
0
0
0
0
0
0
0
0
0
0
0
0
0
0
0
0
0
0
0
0
0
0
0
0
0
0
0
0
0
0
0
0
0
0
0
0
0
0
0
0
0
0
0
0
0
0
0
0
0
0
0
0
0
0
0
0
0
0
0
0
0
0
0
0
0
0
0
0
0
0
0
0
0
0
0
0
0
0
0
0
0
0
0
0
0
0
0
0
0
0
0
0
0
0
0
0
0
0
0
0
0
0
0
0
0
0
0
0
0
0
0
0
0
0
0
0
0
0
0
0
0
0
0
0
0
0
0
0
0
0
0
0
0
0
0
0
0
0
0
0
0
0
0
0
0
0
0
0
0
0
0
0
0
0
0
0
0
0
0
0
0
0
0
0
0
0
0
0
0
0
0
0
0
0
0
0
0
0
0
0
0
0
0
0
0
0
0
0
0
0
0
0
0
0
0
0
0
0
0
0
0
0
0
0
0
0
0
0
0
0
0
0
0
0
0
0
0
0
0
0
0
0
0
0
0
0
0
0
0
0
0
0
0
0
0
0
0
0
0
0
0
0
0
0
0
0
0
0
0
0
0
0
0
0
0
0
0
0
0
0
0
0
0
0
0
0
0
0
0
0
0
0
0
0
0
0
0
0
0
0
0
0
0
0
0
0
0
0
0
0
0
0
0
0
0
0
0
0
0
0
0
0
0
0
0
0
0
0
0
0
0
0
0
0
0
0
0
0
0
0
0
0
0
0
0
0
0
0
0
0
0
0
0
0
0
0
0
0
0
0
0
0
0
0
0
0
0
0
0
0
0
0
0
0
0
0
0
0
0
0
0
0
0
0
0
0
0
0
0
0
0
0
0
0
0
0
0
0
0
0
0
0
0
0
0
0
0
0
0
0
0
0
0
0
0
0
0
0
0
0
0
0
0
0
0
0
0
0
0
0
0
0
0
0
0
0
0
0
0
0
0
0
0
0
0
0
0
0
0
0
0
0
0
0
0
0
0
0
0
0
0
0
0
0
0
0
0
0
0
0
0
0
0
0
0
0
0
0
0
0
0
0
0
0
0
0
0
0
0
0
0
0
0
0
0
0
0
0
0
0
0
0
0
0
0
0
0
0
0
0
0
0
0
0
0
0
0
0
0
0
0
0
0
0
0
0
0
0
0
0
0
0
0
0
0
0
0
0
0
0
0
0
0
0
0
0
0
0
0
0
0
0
0
0
0
0
0
0
0
0
0
0
0
0
0
0
0
0
0
0
0
0
0
0
0
0
0
0
0
0
0
0
0
0
0
0
0
0
0
0
0
0
0
0
0
0
0
0
0
0
0
0
0
0
0
0
0
0
0
0
0
0
0
0
0
0
0
0
0
0
0
0
0
0
0
0
0
0
0
0
0
0
0
0
0
0
0
0
0
0
0
0
0
0
0
0
0
0
0
0
0
0
0
0
0
0
0
0
0
0
0
0
0
0
0
0
0
0
0
0
0
0
0
0
0
0
0
0
0
0
0
0
0
0
0
0
0
0
0
0
0
0
0
0
0
0
0
0
0
0
0
0
0
0
0
0
0
0
0
0
0
0
0
0
0
0
0
0
0
0
0
0
0
0
0
0
0
0
0
0
0
0
0
0
0
0
0
0
0
0
0
0
0
0
0
0
0
0
0
0
0
0
0
0
0
0
0
0
0
0
0
0
0
0
0
0
0
0
0
0
0
0
0
0
0
0
0
0
0
0
0
0
0
0
0
0
0
0
0
0
0
0
0
0
0
0
0
0
0
0
0
0
0
0
0
0
0
0
0
0
0
0
0
0
0
0
0
0
0
0
0
0
0
0
0
0
0
0
0
0
0
0
0
0
0
0
0
0
0
0
0
0
0
0
0
0
0
0
0
0
0
0
0
0
0
0
0
0
0
0
0
0
0
0
0
0
0
0
0
0
0
0
0
0
0
0
0
0
0
0
0
0
0
0
0
0
0
0
0
0
0
0
0
0
0
0
0
0
0
0
0
0
0
0
0
0
0
0
0
0
0
0
0
0
0
0
0
0
0
0
0
0
0
0
0
0
0
0
0
0
0
0
0
0
0
0
0
0
0
0
0
0
0
0
0
0
0
0
0
0
0
0
0
0
0
0
0
0
0
0
0
0
0
0
0
0
0
0
0
0
0
0
0
0
0
0
0
0
0
0
0
0
0
0
0
0
0
0
0
0
0
0
0
0
0
0
0
0
0
0
0
0
0
0
0
0
0
0
0
0
0
0
0
0
0
0
0
0
0
0
0
0
0
0
0
0
0
0
0
0
0
0
0
0
0
0
0
0
0
0
0
0
0
0
0
0
0
0
0
0
0
0
0
0
0
0
0
0
0
0
0
0
0
0
0
0
0
0
0
0
0
0
0
0
0
0
0
0
0
0
0
0
0
0
0
0
0
0
0
0
0
0
0
0
0
0
0
0
0
0
0
0
0
0
0
0
0
0
0
0
0
0
0
0
0
0
0
0
0
0
0
0
0
0
0
0
0
0
0
0
0
0
0
0
0
0
0
0
0
0
0
0
0
0
0
0
0
0
0
0
0
0
0
0
0
0
0
0
0
0
0
0
0
0
0
0
0
0
0
0
0
0
0
0
0
0
0
0
0
0
0
0
0
0
0
0
0
0
0
0
0
0
0
0
0
0
0
0
0
0
0
0
0
0
0
0
0
0
0
0
0
0
0
0
0
0
0
0
0
0
0
0
0
0
0
0
0
0
0
0
0
0
0
0
0
0
0
0
0
0
0
0
0
0
0
0
0
0
0
0
0
0
0
0
0
0
0
0
0
0
0
0
0
0
0
0
0
0
0
0
0
0
0
0
0
0
0
0
0
0
0
0
0
0
0
0
0
0
0
0
0
0
0
0
0
0
0
0
0
0
0
0
0
0
0
0
0
0
0
0
0
0
0
0
0
0
0
0
0
0
0
0
0
0
0
0
0
0
0
0
0
0
0
0
0
0
0
0
0
0
0
0
0
0
0
0
0
0
0
0
0
0
0
0
0
0
0
0
0
0
0
0
0
0
0
0
0
0
0
0
0
0
0
0
0
0
0
0
0
0
0
0
0
0
0
0
0
0
0
0
0
0
0
0
0
0
0
0
0
0
0
